-7.33899,-7.72995
-7.74004,-7.26467
-1.68665,7.79344
4.42220,3.07195
-8.91775,-7.88820
5.49754,1.81323
-2.33602,9.39960
5.05281,1.40945
-2.98837,8.82863
-3.70050,9.67084
-3.11090,10.86656
4.99689,1.28026
-2.30033,7.05462
-3.92457,8.59364
-7.53027,-7.36723
-3.21125,8.68662
-8.50717,-6.83202
2.61474,2.15962
-2.41212,9.98293
-1.92234,11.20474
-1.35060,8.19360
-2.67048,9.41834
5.61500,1.82611
-6.99196,-7.10108
-2.97262,8.54856
-6.34982,-5.43854
-7.45640,-6.12472
3.82166,4.06556
4.62763,1.07592
-3.39871,8.19848
-3.49973,8.44799
-3.58009,9.49676
-6.04929,-7.73619
-2.29510,7.76855
-8.39482,-5.51324
-2.28174,10.32143
-6.12264,-7.80227
4.88485,1.46623
-6.98666,-7.91535
4.98163,3.84934
5.90679,1.26550
-2.25165,8.93984
-7.36723,-7.31267
4.52534,3.21099
-2.54391,7.84561
-2.14780,10.55232
-6.80806,-7.35777
4.15452,2.05504
-6.54202,-7.29199
6.22590,0.73535
4.71568,1.29601
-6.88760,-5.40017
-6.51303,-7.81999
-1.03130,8.49602
-5.70033,-6.81259
5.15493,5.82590
-6.48518,-7.30109
-1.54582,9.42707
4.75340,2.63530
-2.96984,10.07141
-6.64401,-6.10924
6.77291,0.02108
5.53948,2.28047
-3.80075,-5.76053
-7.12859,-5.90854
3.74146,2.46509
3.92143,1.75972
-6.16801,-8.00475
-8.58301,-6.93566
-3.57150,9.48788
5.94536,1.99417
-5.82120,-8.63885
-7.57935,-6.66613
-2.03596,8.94146
-2.90131,7.55077
-6.60917,-6.93035
-8.94707,-6.96923
3.88075,2.12356
-3.10984,8.72259
5.81932,1.50399
-3.52203,9.32853
-2.58121,10.01782
-6.37871,-7.85766
-2.17793,9.98983
5.59030,1.39627
-6.04394,-8.00982
-5.71185,-6.62569
-0.64342,9.48812
6.40533,2.37815
-3.88687,8.07646
-8.54903,-6.33675
-2.54502,10.57893
-6.40065,-6.54645
-1.59380,9.34304
-3.03896,9.52755
-7.43328,-8.07799
-7.94725,-7.02249
-2.24931,9.79611
-7.64289,-8.68499
-6.46619,-5.00331
4.16493,1.31984
-2.15141,9.57507
4.43176,1.48017
-1.71817,8.10490
-3.34842,8.70507
-2.26724,7.10101
-2.16558,7.25125
-2.25870,9.36073
6.79306,1.20582
-8.27819,-6.31714
5.32614,0.36045
-3.29245,8.69222
-3.31769,8.51253
-2.44167,7.58954
-2.52269,7.95658
4.83894,1.37295
-7.91687,-7.07045
2.92674,3.32704
-8.75042,-7.23162
3.63386,0.75898
5.15923,3.50591
4.86397,1.98576
-1.10640,7.61244
-6.30307,-6.56886
-6.54731,-7.62860
-7.00754,-7.83565
-6.26546,-6.12260
-3.18612,9.62596
-5.84209,-7.39013
-7.40988,-7.67298
-1.42615,10.06809
-4.42797,8.98777
-2.41744,7.02672
-4.23412,8.45200
-3.98772,8.29444
5.14487,2.83892
4.38731,0.72539
-7.14950,-7.85887
-2.50408,8.77970
-7.39349,-7.93932
-2.97867,9.55685
-2.75459,8.26055
-4.81888,-5.12477
-2.42215,8.71528
3.12051,1.48894
3.92458,2.65277
5.45274,2.60280
-2.23251,9.84147
5.91754,1.38160
-3.18922,9.24654
-3.41722,7.60198
-4.91490,-6.84485
4.92087,1.35047
-8.41374,-5.60243
-2.21308,9.27534
3.43958,1.63867
4.62137,1.68451
-7.41013,-7.45593
-6.24103,-8.54163
-3.39306,9.16801
-5.12894,9.83619
-7.75525,-8.26291
-5.32848,-6.76443
-5.67841,-7.28818
-2.45099,7.87132
-6.00850,-7.20613
4.16884,2.20522
-2.44897,11.47753
-1.98726,9.31127
-1.69568,7.78342
-1.36637,9.76622
-3.42862,10.56422
3.80016,1.37378
-2.95571,9.87068
3.65837,2.43527
4.66439,2.47117
5.51220,2.15651
-2.77385,11.73446
6.76204,3.00563
5.26400,2.60152
-6.79304,-7.03579
-3.05358,9.12521
-7.54225,-6.30951
6.27229,0.54303
5.21077,3.10874
-9.35127,-7.67700
4.96405,1.84303
-1.04355,8.78851
1.39861,0.94878
4.19983,2.10391
-6.94231,-5.92497
-5.25101,-8.26021
3.81438,1.65178
-8.48607,-6.67665
3.90951,2.18963
3.31965,3.80463
4.62086,0.97064
6.78382,2.60709
-3.48388,9.80137
-6.69776,-6.63189
-1.77073,9.18565
-2.62485,8.71318
3.81766,2.21686
4.05051,2.82277
-1.69667,10.37053
4.95079,3.44853
-7.86535,-6.37606
-7.52620,-7.96166
4.73687,2.56833
-2.14756,8.36917
-2.40955,8.51081
-7.84455,-6.19406
6.09102,2.93244
3.37899,2.89103
-6.83111,-7.71106
-5.37727,-6.80601
-6.24685,-4.60942
-6.30256,-7.08315
-3.74615,7.69383
-7.15468,-9.18203
-6.05022,-9.09124
2.51598,1.44741
-7.63598,-8.30236
-8.18410,-6.21044
-2.49620,10.46782
3.84736,1.85843
-7.32392,-6.50281
-5.19249,-5.99847
4.32461,2.73214
-2.58630,9.35544
-1.68714,10.91108
-5.95345,-4.97069
-2.85191,8.21201
-8.06289,-8.91934
4.68545,1.32157
5.32183,1.66290
-7.53146,-6.83271
4.61898,2.09050
-5.23466,-7.12915
-6.94571,-8.09113
-6.58985,-4.80471
4.96260,1.14594
5.79799,2.76483
-1.88353,8.15713
-5.35650,-6.34120
3.04545,1.37379
5.33002,1.57195
4.64512,2.02015
-6.61990,-7.78443
5.18698,1.77098
-6.50848,-7.48409
4.53112,2.37488
-7.47202,-7.74410
6.95454,0.10590
6.82968,1.16487
-6.55270,-7.09921
3.71295,1.91364
-3.83738,9.21115
-8.35821,-5.73636
-2.21613,8.29993
-2.73266,9.72829
-1.47820,9.94557
-6.80226,-7.74139
-4.05986,9.08285
5.46530,2.78668
3.97809,2.82560
-6.75933,-6.36567
4.70968,1.58786
5.38717,2.58354
-2.70156,9.31583
-0.92998,9.78172
4.73755,1.20016
4.16795,3.06212
5.15491,2.48696
-6.78029,-6.12872
-5.87333,-7.45700
-7.14903,-6.16257
-3.61553,7.81808
-0.62301,9.18886
-3.35599,7.49944
3.86705,1.73635
5.08370,2.74780
6.08115,0.53731
3.19179,0.56571
-6.54113,-7.29540
4.70416,0.89542
-6.23425,-5.51148
5.59388,2.62456
4.48809,2.56149
-6.49556,-6.91280
-2.18511,8.62920
4.18981,2.59602
5.80304,1.98340
-2.72887,9.37140
-7.11858,-7.78767
-3.66019,9.38998
3.81088,1.41299
-4.11668,9.19892
-6.86121,-5.20367
-6.01002,-5.52447
